31118352477120265399754826446828
28919200887372928203572638289528
22251773366036244399552996054771
20154941399888149918909140100825
19327154197867484666892180309190
18055719657691770852513731402874
17818616783842496126640901768265
15154382136708005682510271053933
13417927074238382510774872550549
12910553365753551278070740257593
12819712598478603841571827970392
11918445300306534522153502983493
11782337990869509222824259391933
11518452846115354928588678282187
10908742128035368015674609553462
10151144197104845191117369417159
8997310610761082200556864842649
8925954175699623222673570654786
8878904023195035805197968285247
8233667792506366328746595369524
8134891216027081185183375509578
7450497793411916132531384000209
7275953742328836770678111500170
7111301714008039951319765725601
7065002651950600672093436852924
6700029808456403777434631969075
6455410837783783454601881060623
6411736504697908875617726777507
6290306637373608437960021852427
6240074090829065114348613959076
5662293098250025806646830359231
5495268931035450772203829896554
5454843078582133565767647312444
5218019006410798790036497559336
5101807681560696323000939039584
4924266069409094982401035570576
4840800450116434624567576930238
4836027274174641292887105808451
4680761263464952998051397390909
4627344373081201946470890337619
4538189845213429500563096317841
4534745041611290113055679590502
3909831237371754574960706798005
3348998350808079830497026888484
3112948703172463759177165061314
3030557965740328477661153442137
2986060477949792417258254198859
2647460290309062978707791913658
2573770056173367754190526554136
2418409484193433529463361181604
2390496914374466285180325565599
2328225507274332088750858497500
2282159337421734998741093595253
2254860234051934698168692953465
2182287249210242245553023377283
2178729502636159005581935951850
2105282620676447742046402128840
2077239877271661980321784269712
2052312308521644850378813689277
2050456364780686638863808676899
2023907987028514875842119965528
1979100947345249286025437891303
1955436937624218395854889054311
1893891904276659815667324943963
1890834655569833397432686453521
1835981646413113402146165148038
1832022503947081546852612606096
1706759239379400479418567320340
1667207730263389659319222743411
1663440779576970423423078942842
1614194193810232011152363652877
1589017492184747271143178661072
1519107571113781865057260130321
1444132227924553975461206547938
1404284459242846305169681362752
1392465180876843437942910562951
1378486135186228306025452053736
1346295502659948167800884694450
1339305369080636919963572920394
1332546952521727386339894136045
1326073619225170459613127419894
1289845084072757217454029433535
1218492593193488962833628397130
1215115462227317364623551094805
1211023358844272832519184888764
1209788182803199547975844043868
1069859022705248540399462469800
1025426095036195377322755410051
1015292985671357962926786142173
1008902017703669758666401782206
1006539213767690426312250598399
929730910614296982290355406096
927518830002976878103015979146
880736491655020455203911800799
867342183300594930992552664170
813212684575646904665121090699
804619764395394959918061789123
798033621525418014089404888045
765445816003977275819419331299
762761460606268680722068693077
760465234330921967500985579229
756821651073449470429496355656
720154360875529078455996056821
701132577349460733399410839466
691369119258696732333567965102
689464122431594493970049686089
682076488459522214836437283257
634023587411275354839986188867
623906504268179123049408401519
601195594305672706471761189828
589229870099070742463779781633
570312983292543046833966952078
561221712947482919020618391674
555759394497995735935824479672
539811023817205181986104697079
525696798252410850999247610703
517491052398387922351260447512
508553709110902335414929924986
507799466373616919393591991577
507344541355353356632037189726
506398224581169954396613807351
505466293210908605858071570938
502891453319654648548783277956
493011463952910835680349562148
482605750180527747634017636108
476014722872099993904041214480
464465511586083580091577125470
458436348991071595752590641389
450639937148235534972040127802
444585283379191891002835003252
436736114348257760241560316936
431368802055221078216467954871
428862287383913779033213300722
411781312285750600418352064674
407819414395073716387519079157
404106067805711696925917383644
401794746902625411735595299026
399880917703612190088990659591
394732802065277427354082543290
390867207182472213158955224343
387824685266856592673926351531
384161767365224489769300805209
371805651237779340311723197319
369997634574968678813809023906
369389875556450137671388181658
364765387204830845731302601714
364047317365071539924397601439
358148275688177769442952136330
355451279674394969118613432163
348840044641056319720874821168
348529582420437177900480929310
345647452650742934995290737653
342774920126097834120388071718
340092670352920242567642391357
333768511179653424105918677926
332209417350895964155798009512
330640455080963449081589253776
321376666949207515628078454456
321227739646742841947651442482
320143084084764941060884228731
318955717976585888515053997182
309954833045830104537880863654
302414443971556793584780900667
299592842431818882175677376601
297317457054557912483668004368
287054383535562428945498022307
267573560888745728495938928464
265468406327604297530968380349
255914566729336839174814783885
235687618510098859484189293967
232405588056415265337127800679
226210675301183618489838529162
225839281276888531170360608616
223381618330304564399557932295
214430423180249525826072079380
204551895829831438778160463933
201192892988677412499779198054
198666535782502314889879756792
196389980725677883373598771889
194339032579626493757938742963
189998444534984651642102609526
187275391791711155662061335624
185087316913075209218266291154
181892183076203862459009793337
181557380718292352130096542767
179541180044323203305108066042
164551481667009077595346325611
164469377806050612992034045887
162751025818704630118035954205
162709289580177913906738646697
160784847357958352470188415902
158902643316990454622231176172
157970588616973922046838478655
157715078331295709058121624945
151970817444274396320532321269
147898274783967333319381137543
147305443667381238587568624542
142204956181951480651890495801
141243623375502234850365936722
139351544769458080663156263563
138631902039799932581965619972
136759577977706150470062507047
135758950487241907220621594282
134578285221532610499179974330
132630715468535702228002192724
132558689777408935669446925157
131542835736938344112363896552
130049644342268051982878182079
129843949072436661319617772297
129121477991743559517514124457
127838036183516976813806117999
127591958277689996966860637804
123870618664870900934594157496
123214672962225144241690908259
121596133660573933221082952475
121385100433745858404557393582
120538179017907236409072264152
119264784774118582088294930400
117503763221626039903052429913
115425233491934447605498905553
115085840898984526180924756109
114356040773434631280520426791
112784875530460132785642403017
110163764837668763631064389402
109956116635931186250964585444
109505410076814302694992111485
109419048274079621451409666882
108999488708492446770572568738
106612037476089714050018772119
105050754002239792700360417084
104922255416244763417955360773
104673804842216702924004079092
103346793231894848593370924560
102408413645572875226210601719
101173325595583341665061612716
101167300536217244538699121048
100757328980157839913625352433
100531511583980269323819678523
97606186335964639935357220873
96258411833997661399582767682
94137290736235580844441211254
93442285419701592828646948485
93359635401240011076492150354
93270046552208938624009841006
91821393101265486464237180938
91629627440781647141979042665
91537845848273424682180341897
91398181950537742979811099601
90680046375874514583120385033
90308674041884937391562141723
90098682659122373228286859174
89599097649183891251799970655
89295541981030803220630166553
88372386982344588314767332656
88349228968661823776828954912
87953901608661765622043471624
87301300407656171643334591580
86213141275825406443238918624
84757322166064383836256097647
84575655597347390561472025284
83673027055813725565442837417
83395241288224253328124920886
81021329966899350868840561092
79719495310690127866182540045
79230275602875796186674982454
78741714337866020090501198836
78295038105927055729820071755
73712525251106057189934889454
72674665219800634898150740892
70696624044140222668273395583
70054145998314629969190478726
66996850015231011881028782030
65250132897542959383026657461
65208154953219441487460023856
64042118475670182426940163651
63625849999091673795238608943
63295264061599785907975876112
61963077017915912471908909106
60095837581450457376761486737
59908981254300548850863644687
59700796005250184984847182829
58608703264422436086529912249
56661358627762376884383141585
55544533142432628608442781429
53197696603077402600805368169
52759309033284503437979401571
52754207782711087588362868186
52183813033000301522258045477
49371481413641703174179821303
46381892902793874348867158177
39352578853270504223201328364
32907131586397420891166832395
31715986848302842868473812249
25130442191079370409990350506
25000003490550020218744787955
21867168525675775642558694866
